Site	year	DOY	time	T_R1	T_R0	VZA	T_A1	T_A0	u	ea	p	S_dn	RN	L_dn	LAI	h_C	f_c	f_g	w_C
1	2021	22	13.0	287.1056401631553	276.89152650577125	0.0	283.595	277.983	2.30136	12.0547	992.357	282.722	222.811	357.073	1.0	3.0	1.0	1.0	1.0
1	2021	23	13.0	288.92599556466166	279.9718801385773	0.0	282.991	278.894	1.75668	8.300460000000001	989.794	480.277	322.373	304.456	1.0	3.0	1.0	1.0	1.0
1	2021	24	13.0	286.81004669564993	277.22578428891234	0.0	283.598	278.095	4.61803	9.16165	991.31	246.676	165.659	335.661	1.0	3.0	1.0	1.0	1.0
1	2021	25	13.0	282.8489945007826	277.1934738558254	0.0	280.526	276.321	7.32522	7.39976	987.5369999999999	327.467	230.73	303.221	1.0	3.0	1.0	1.0	1.0
1	2021	26	13.0	291.61955019054807	274.0213633553702	0.0	283.585	275.417	2.94117	5.848390000000001	994.422	682.774	445.632	271.533	1.0	3.0	1.0	1.0	1.0
1	2021	27	13.0	283.544597280169	282.3897537951469	0.0	282.384	281.663	5.43254	11.5114	993.37	57.995	48.1199	362.149	1.0	3.0	1.0	1.0	1.0
1	2021	28	13.0			0.0	281.664	282.35	0.837792		988.918	56.0426	38.4594	353.764	1.0	3.0	1.0	1.0	1.0
1	2021	29	13.0	286.404027364708		0.0	283.009	278.772	0.720558	8.99498	991.009	202.075	147.724	349.232	1.0	3.0	1.0	1.0	1.0
1	2021	30	13.0	293.07911583009644		0.0	285.432	275.561	2.60376	9.74416	1000.53	686.608	493.625	322.396	1.0	3.0	1.0	1.0	1.0
1	2021	31	13.0	292.9753903294609		0.0	288.96	278.467	2.34694	7.385510000000001	997.8439999999999	401.419	255.236	325.622	1.0	3.0	1.0	1.0	1.0
1	2021	32	13.0	298.67293111687945	278.6841214652254	0.0	290.692	279.876	2.70151	7.2099	996.01	674.364	434.304	307.821	1.0	3.0	1.0	1.0	1.0
1	2021	33	13.0	298.6588908377542	280.86169959854925	0.0	290.28	280.477	2.97022	12.496400000000001	997.1179999999999	686.909	451.98	314.334	1.0	3.0	1.0	1.0	1.0
1	2021	34	13.0	296.2454765741486	282.7500718963869	0.0	288.188	283.087	4.15891	10.266300000000001	997.2439999999999	691.603	450.503	295.54	1.0	3.0	1.0	1.0	1.0
1	2021	35	13.0	299.86567731440704	280.01285977209784	0.0	290.076	281.015	1.77096	6.361180000000001	998.143	709.928	444.751	295.345	1.0	3.0	1.0	1.0	1.0
1	2021	36	13.0	301.0507043603568	279.06420593999303	0.0	292.63	281.372	2.58527	7.031929999999999	997.1980000000001	722.365	453.177	302.64	1.0	3.0	1.0	1.0	1.0
1	2021	37	13.0	303.46023375667943	281.3995162479005	0.0	294.714	283.569	1.32126	7.47242	994.586	723.457	445.376	309.355	1.0	3.0	1.0	1.0	1.0
1	2021	38	13.0	301.3846288670574	279.63357167480467	0.0	292.271	281.606	2.36775	11.575299999999999	991.057	724.331	458.209	308.297	1.0	3.0	1.0	1.0	1.0
1	2021	40	13.0	292.4687920469478	282.9864252185999	0.0	285.373	281.697	1.84224	9.98772	994.6210000000001	445.304	292.267	323.9	1.0	3.0	1.0	1.0	1.0
1	2021	41	13.0	299.4710013359097	282.49032032718895	0.0	290.878	282.172	3.83809	9.64337	994.952	725.666	476.605	313.985	1.0	3.0	1.0	1.0	1.0
1	2021	42	13.0	295.0827987324064	282.9220901581728	0.0	288.659	281.667	4.19036	10.9939	995.17	520.425	335.063	319.913	1.0	3.0	1.0	1.0	1.0
1	2021	43	13.0	293.603358433369	283.0004903955319	0.0	286.5	282.04	6.47709	10.0486	993.523	769.538	525.115	292.747	1.0	3.0	1.0	1.0	1.0
1	2021	44	13.0	290.9111761471038	283.0054713161974	0.0	285.725	282.739	5.9944	10.600699999999998	993.931	453.857	331.366	349.738	1.0	3.0	1.0	1.0	1.0
1	2021	45	13.0	295.9498048003108	281.19498263972366	0.0	287.189	281.411	4.86217	8.0348	994.9639999999999	750.6	501.736	296.186	1.0	3.0	1.0	1.0	1.0
1	2021	46	13.0	295.6277737154644	283.991060923827	0.0	288.283	283.322	5.59773	12.348599999999998	996.567	691.349	483.186	327.281	1.0	3.0	1.0	1.0	1.0
1	2021	47	13.0	295.36857921681667	282.372854615411	0.0	286.768	282.643	4.95727	8.98085	995.5980000000001	773.288	516.343	288.957	1.0	3.0	1.0	1.0	1.0
1	2021	48	13.0	296.01495195231035	281.6061737534509	0.0	287.848	281.878	6.26068	7.14278	995.937	790.774	520.461	284.199	1.0	3.0	1.0	1.0	1.0
1	2021	49	13.0	299.9220378918943	279.36559226955274	0.0	290.027	278.903	2.60842	3.7544699999999995	1005.3100000000001	778.056	496.372	292.061	1.0	3.0	1.0	1.0	1.0
1	2021	50	13.0	299.119174450717	282.3584219211195	0.0	290.966	282.291	4.81539	5.663819999999999	1001.48	770.445	518.667	314.638	1.0	3.0	1.0	1.0	1.0
1	2021	51	13.0	295.27376871914976	282.0440415599176	0.0	286.457	281.694	6.18647	7.12086	1001.47	798.073	528.326	281.745	1.0	3.0	1.0	1.0	1.0
1	2021	52	13.0	301.61378356766323	282.29042562500774	0.0	291.715	282.262	2.76202	4.69732	1004.71	790.314	505.743	300.666	1.0	3.0	1.0	1.0	1.0
1	2021	54	13.0	296.1919312044865	284.841431052239	0.0	292.943	286.029	3.0923	6.99064	995.133	357.954	200.653	329.961	1.0	3.0	1.0	1.0	1.0
1	2021	55	13.0	303.3012242499262	286.49296411420084	0.0	294.78	287.536	3.93673	5.478800000000001	995.222	821.923	521.312	304.892	1.0	3.0	1.0	1.0	1.0
1	2021	56	13.0	302.20888597034	282.2055708218295	0.0	291.637	282.223	2.15342	4.84409	998.574	813.306	514.631	297.601	1.0	3.0	1.0	1.0	1.0
1	2021	61	13.0	300.5621874085322	279.9550064325192	0.0	290.393	279.44	4.16532	3.36311	990.7119999999999	871.006	552.681	283.671	1.0	3.0	1.0	1.0	1.0
1	2021	62	13.0	291.4378221041894	280.4350911919246	0.0	284.733	280.193	3.20741	9.44877	987.9250000000001	654.567	460.588	317.418	1.0	3.0	1.0	1.0	1.0
1	2021	63	13.0	299.7466952962949	280.39514093462554	0.0	287.945	278.828	1.84217	9.21667	1002.1299999999999	833.886	544.245	294.894	1.0	3.0	1.0	1.0	1.0
1	2021	65	13.0	297.58950475785036	285.7325442345709	0.0	287.794	284.504	6.20936	10.7731	994.7	870.703	595.125	303.328	1.0	3.0	1.0	1.0	1.0
1	2021	66	13.0	288.6602600434542	282.95489073946464	0.0	284.965	280.73	1.00178	11.5416	995.7819999999999	196.006	137.812	365.389	1.0	3.0	1.0	1.0	1.0
1	2021	67	13.0	297.38117084335903	282.91845517779103	0.0	286.227	281.469	3.73298	6.80234	1000.91	858.377	570.283	285.193	1.0	3.0	1.0	1.0	1.0
1	2021	68	13.0	297.3624779121238	283.25970219565085	0.0	286.445	280.93	5.30719	8.177859999999999	999.063	948.552	658.626	304.04	1.0	3.0	1.0	1.0	1.0
1	2021	69	13.0	286.7338270888868	281.41159922717605	0.0	280.381	280.041	2.06664	8.9253	994.857	562.232	414.715	322.433	1.0	3.0	1.0	1.0	1.0
1	2021	70	13.0	283.15596927153075		0.0	280.163	278.559	3.49345	7.59575	995.9039999999999	189.479	126.308	328.596	1.0	3.0	1.0	1.0	1.0
1	2021	71	13.0	290.99346096160036	281.95050886500377	0.0	284.577	280.148	4.92547	9.996970000000001	998.8080000000001	666.858	489.71	338.581	1.0	3.0	1.0	1.0	1.0
1	2021	73	13.0	293.1979268596098	281.36588892557626	0.0	284.931	280.696	4.29633	8.10784	1002.5	706.93	482.222	307.335	1.0	3.0	1.0	1.0	1.0
1	2021	77	13.0	297.7927189806921	281.71173991310485	0.0	288.726	280.913	3.39103	10.311300000000001	998.403	885.084	617.291	311.872	1.0	3.0	1.0	1.0	1.0
1	2021	78	13.0	296.4371616114905	284.4177493784971	0.0	289.595	284.226	4.60369	14.1261	998.942	741.942	531.101	342.831	1.0	3.0	1.0	1.0	1.0
1	2021	79	13.0	295.80138996456316	280.24878976404875	0.0	287.129	280.693	5.26096	7.992400000000001	1001.0899999999999	920.421	629.29	288.088	1.0	3.0	1.0	1.0	1.0
1	2021	80	13.0	296.20933771717404	278.92117536825253	0.0	287.802	279.463	6.01943	7.45884	999.275	932.334	638.336	288.613	1.0	3.0	1.0	1.0	1.0
1	2021	81	13.0	295.9509577350037	280.9188355765917	0.0	286.54	280.737	4.9851	9.09899	998.992	920.062	632.011	289.828	1.0	3.0	1.0	1.0	1.0
1	2021	82	13.0	297.2186387700815	281.4250411685686	0.0	287.516	280.798	4.42288	9.12729	992.208	932.807	638.366	293.36	1.0	3.0	1.0	1.0	1.0
1	2021	83	13.0	300.3276157946307	278.99957032121057	0.0	291.264	281.319	3.40329	5.785399999999999	993.925	925.008	618.748	299.784	1.0	3.0	1.0	1.0	1.0
1	2021	84	13.0	292.31842494317993	282.02916683583413	0.0	283.852	281.326	6.3956	9.518600000000001	990.165	953.94	691.004	312.028	1.0	3.0	1.0	1.0	1.0
1	2021	85	13.0	300.22851729270315	280.37581749723097	0.0	289.526	279.994	2.16499	9.36735	994.876	928.758	627.576	302.887	1.0	3.0	1.0	1.0	1.0
1	2021	86	13.0	302.7993357377934	279.82826234546695	0.0	294.051	280.717	3.40562	9.934270000000001	1002.12	949.493	639.757	314.303	1.0	3.0	1.0	1.0	1.0
1	2021	87	13.0	306.026810720434	281.89729383875965	0.0	298.134	283.25	2.75377	7.09202	1000.21	955.217	637.148	328.128	1.0	3.0	1.0	1.0	1.0
1	2021	88	13.0	301.09521249511255	280.8081685424094	0.0	292.225	279.924	4.52228	10.9966	991.895	966.159	657.048	308.84	1.0	3.0	1.0	1.0	1.0
1	2021	89	13.0	301.91177798710135	279.7658730856793	0.0	292.908	279.271	3.97181	12.2597	992.594	947.292	638.791	314.851	1.0	3.0	1.0	1.0	1.0
1	2021	90	13.0	307.03965793024133	281.8560426709623	0.0	299.056	283.117	2.1401	2.9906299999999995	996.9189999999999	964.933	621.356	315.431	1.0	3.0	1.0	1.0	1.0
1	2021	91	13.0	307.2629901686392	283.42108365803784	0.0	299.609	284.844	2.70054	3.68665	992.259	952.009	621.613	325.945	1.0	3.0	1.0	1.0	1.0
1	2021	92	13.0	301.6709788739336	282.53128382105723	0.0	290.924	280.872	2.87318	12.6626	995.5330000000001	962.105	643.17	307.104	1.0	3.0	1.0	1.0	1.0
1	2021	93	13.0	299.2062516027291	282.49505595074044	0.0	288.194	281.065	3.53319	10.1537	999.0210000000001	948.007	641.728	300.561	1.0	3.0	1.0	1.0	1.0
1	2021	94	13.0	300.6083095219851	282.1764847232008	0.0	290.12	280.699	3.81535	10.0293	997.215	955.062	647.652	306.596	1.0	3.0	1.0	1.0	1.0
1	2021	96	13.0	299.02377290261865	281.58625560948917	0.0	288.117	280.147	4.48171	10.7277	994.3000000000001	953.679	651.302	301.873	1.0	3.0	1.0	1.0	1.0
1	2021	97	13.0	294.24664027966185	282.9116919697143	0.0	289.372	280.823	4.35033	9.60764	997.368	474.037	324.453	359.175	1.0	3.0	1.0	1.0	1.0
1	2021	98	13.0	300.3370975496042	282.9515403361213	0.0	289.767	282.228	5.17866	7.97211	996.821	985.537	668.284	299.323	1.0	3.0	1.0	1.0	1.0
1	2021	99	13.0	300.99837617077696	283.8439083653048	0.0	289.83	283.69	4.3709	8.73437	995.793	987.44	669.002	301.487	1.0	3.0	1.0	1.0	1.0
1	2021	100	13.0	298.65536815922366	282.3407543855057	0.0	288.606	281.538	6.35031	8.35735	992.253	978.319	665.581	295.15	1.0	3.0	1.0	1.0	1.0
1	2021	101	13.0	301.6550165316639	282.4630764201171	0.0	291.32	281.182	4.56449	10.0824	987.7189999999998	996.452	676.081	306.789	1.0	3.0	1.0	1.0	1.0
1	2021	102	13.0	297.6499051030663	282.3898110410742	0.0	285.209	280.471	3.95927	9.78386	989.687	990.237	677.999	292.653	1.0	3.0	1.0	1.0	1.0
1	2021	103	13.0	298.539935091838	282.956154262056	0.0	286.228	281.077	2.71889	8.877500000000001	991.587	1008.56	696.672	305.399	1.0	3.0	1.0	1.0	1.0
1	2021	104	13.0	296.9133263387051	282.7563452525415	0.0	286.641	281.926	2.95886	7.736900000000001	994.1260000000001	747.483	489.61	302.252	1.0	3.0	1.0	1.0	1.0
1	2021	105	13.0	302.68540961161864	282.0820290899616	0.0	290.817	280.93	3.17708	10.547	994.2650000000001	968.169	651.07	312.476	1.0	3.0	1.0	1.0	1.0
1	2021	106	13.0	302.6265862931697	282.5325097560931	0.0	290.607	280.649	2.87764	9.73026	992.432	980.244	654.453	307.104	1.0	3.0	1.0	1.0	1.0
1	2021	107	13.0	299.5003173567885	282.9196479190007	0.0	287.956	280.816	5.38143	9.7482	993.742	991.223	678.271	301.436	1.0	3.0	1.0	1.0	1.0
1	2021	108	13.0	308.5669674063666	287.4799153426932	0.0	298.514	288.192	4.49616	5.830539999999999	996.631	979.957	651.564	339.321	1.0	3.0	1.0	1.0	1.0
1	2021	109	13.0	302.81301252969126	285.33403138547	0.0	291.563	284.573	5.56549	10.25	995.5450000000001	1005.74	671.363	305.897	1.0	3.0	1.0	1.0	1.0
1	2021	110	13.0	298.4594060248607	283.293576583083	0.0	285.789	281.352	5.68428	9.675410000000001	992.668	1038.51	719.79	299.493	1.0	3.0	1.0	1.0	1.0
1	2021	111	13.0	288.4093580749026	283.1858191424419	0.0	284.426	281.188	2.81049	9.95368	991.645	310.288	220.019	361.368	1.0	3.0	1.0	1.0	1.0
1	2021	112	13.0	296.12233138879134	283.50654312616007	0.0	286.971	281.542	2.95539	10.473099999999999	993.193	698.061	490.644	350.885	1.0	3.0	1.0	1.0	1.0
1	2021	113	13.0	303.26487480488777	283.57165035071665	0.0	288.96	281.525	0.642238	10.0664	996.033	1192.93	847.909	331.666	1.0	3.0	1.0	1.0	1.0
1	2021	114	13.0	301.2401639311467	283.6527952460631	0.0	287.856	281.423	2.16747	9.705359999999999	995.4730000000001	992.757	677.067	303.392	1.0	3.0	1.0	1.0	1.0
1	2021	115	13.0	290.8998203896282	285.98632735191865	0.0	285.457	284.078	3.67585	10.536200000000001	991.909	320.956	208.283	351.649	1.0	3.0	1.0	1.0	1.0
1	2021	116	13.0	300.5469089904369	283.76300600167775	0.0	287.137	282.377	4.85244	8.84735	990.912	1030.29	701.705	295.214	1.0	3.0	1.0	1.0	1.0
1	2021	117	13.0	303.11794496610804	282.3931310795531	0.0	289.933	281.224	4.03432	8.05929	993.5649999999999	1010.7	677.992	303.161	1.0	3.0	1.0	1.0	1.0
1	2021	118	13.0	309.9306006762329	288.1117876688297	0.0	298.051	287.066	3.38806	7.31223	998.691	1017.07	666.54	331.308	1.0	3.0	1.0	1.0	1.0
1	2021	119	13.0	313.64268383667854	290.8678342310349	0.0	302.385	290.882	2.51298	4.83842	999.418	1017.07	656.217	348.547	1.0	3.0	1.0	1.0	1.0
1	2021	120	13.0	307.56743153280945	290.08678587111734	0.0	294.757	289.026	2.67649	13.162799999999999	997.585	995.378	666.268	334.57	1.0	3.0	1.0	1.0	1.0
1	2021	121	13.0	301.84524569691615	283.8431492077116	0.0	290.989	281.819	2.47663	10.905199999999999	993.4770000000001	890.547	599.14	333.041	1.0	3.0	1.0	1.0	1.0
1	2021	122	13.0	304.2531195958519	283.87172288459226	0.0	290.73	282.072	4.46185	10.320799999999998	990.681	1010.5	688.799	320.477	1.0	3.0	1.0	1.0	1.0
1	2021	123	13.0	308.5143099714195	285.49619914698076	0.0	295.726	282.972	4.02332	12.0965	989.9810000000001	1013.98	679.77	336.574	1.0	3.0	1.0	1.0	1.0
1	2021	124	13.0	306.86999755635475	287.94322690830364	0.0	293.696	286.53	3.23276	14.0623	992.8230000000001	1011.68	686.512	334.46	1.0	3.0	1.0	1.0	1.0
1	2021	125	13.0	308.97879063455395	287.84831043294884	0.0	296.004	285.244	3.0276	13.841400000000002	992.487	993.514	663.882	343.646	1.0	3.0	1.0	1.0	1.0
1	2021	126	13.0	303.0826940932507	285.34722198404387	0.0	288.799	282.455	2.96997	12.433499999999999	995.6600000000001	1021.29	703.622	317.401	1.0	3.0	1.0	1.0	1.0
1	2021	127	13.0	302.51586812797376	284.03492757153373	0.0	288.626	281.807	5.60943	10.227500000000001	995.2429999999999	1051.1	707.461	297.214	1.0	3.0	1.0	1.0	1.0
1	2021	128	13.0	306.34348490481926	285.01197834705926	0.0	293.138	282.12	4.24948	12.528500000000001	992.758	1020.84	693.295	328.568	1.0	3.0	1.0	1.0	1.0
1	2021	129	13.0	305.6475650568777	287.22921607204745	0.0	291.788	285.411	3.18379	13.413699999999999	991.8330000000001	1008.25	689.735	329.522	1.0	3.0	1.0	1.0	1.0
1	2021	130	13.0	305.41823945171257	285.0771922253903	0.0	291.265	282.823	3.02054	13.0713	991.255	1054.32	734.579	336.412	1.0	3.0	1.0	1.0	1.0
1	2021	131	13.0	301.7753050245169	284.0833798069292	0.0	289.198	282.711	2.70633	12.895399999999999	992.492	949.791	661.748	332.43	1.0	3.0	1.0	1.0	1.0
1	2021	132	13.0	298.7910265194797	286.37673574147306	0.0	289.348	284.329	2.8657	13.498099999999999	995.2069999999999	655.233	470.216	379.211	1.0	3.0	1.0	1.0	1.0
1	2021	133	13.0	302.73415252230035	286.5404826247074	0.0	288.194	284.169	3.26762	12.380799999999999	995.711	1033.89	727.098	321.958	1.0	3.0	1.0	1.0	1.0
1	2021	134	13.0	303.1623420280725	284.22457962859835	0.0	290.747	281.753	1.85412	13.067	993.861	914.435	662.887	372.849	1.0	3.0	1.0	1.0	1.0
1	2021	135	13.0	292.1133630160702	283.97198916713415	0.0	285.791	281.933	2.88245	10.3402	992.699	407.614	290.588	366.061	1.0	3.0	1.0	1.0	1.0
1	2021	136	13.0	296.11949527395694	286.01924803016715	0.0	288.134	283.498	3.53743	11.4858	993.757	542.341	396.438	375.684	1.0	3.0	1.0	1.0	1.0
1	2021	137	13.0	304.544733851084	285.4810138589947	0.0	289.614	283.192	2.92963	11.795799999999998	996.074	1015.75	709.448	319.763	1.0	3.0	1.0	1.0	1.0
1	2021	138	13.0	308.5287276990865	285.359927234347	0.0	294.033	282.973	4.29104	10.4881	993.9569999999999	1039.66	705.993	325.411	1.0	3.0	1.0	1.0	1.0
1	2021	139	13.0	302.1504401500195	287.43438383142626	0.0	288.581	284.816	7.16145	9.31804	991.923	1049.38	732.491	305.906	1.0	3.0	1.0	1.0	1.0
1	2021	140	13.0	304.4293704928079	285.724565149539	0.0	289.579	283.543	5.01182	6.99771	991.8219999999999	1067.11	715.238	290.532	1.0	3.0	1.0	1.0	1.0
1	2021	141	13.0	301.87617371257653	283.5998504290537	0.0	286.451	281.837	4.60556	8.59153	995.8019999999999	1093.96	762.231	300.835	1.0	3.0	1.0	1.0	1.0
1	2021	142	13.0	304.37249354867714	284.97853170595636	0.0	288.993	282.056	3.66198	9.0748	996.8180000000001	1040.27	709.254	303.329	1.0	3.0	1.0	1.0	1.0
1	2021	143	13.0	304.187566701386	284.4018587163194	0.0	289.259	281.526	5.41265	9.45947	998.159	1050.43	722.54	307.536	1.0	3.0	1.0	1.0	1.0
1	2021	144	13.0	312.66443308422106	284.69498244387864	0.0	298.765	282.284	3.92112	11.552	994.8789999999999	1046.06	702.369	345.921	1.0	3.0	1.0	1.0	1.0
1	2021	145	13.0	301.7457240135981	291.0639456265282	0.0	295.119	288.331	6.00027	9.907070000000001	993.861	536.521	339.761	364.911	1.0	3.0	1.0	1.0	1.0
1	2021	146	13.0	306.7515843474013	285.3424203493416	0.0	291.311	282.41	3.66043	11.456800000000001	995.367	1040.02	717.072	327.014	1.0	3.0	1.0	1.0	1.0
1	2021	147	13.0	308.0811469386983	284.0661233689947	0.0	292.55	281.274	2.61299	10.551199999999998	996.9870000000001	1040.22	702.307	322.621	1.0	3.0	1.0	1.0	1.0
1	2021	148	13.0	302.6084845409142	286.74513192597533	0.0	288.172	283.909	5.50274	11.281099999999999	994.1239999999999	1034.32	722.527	312.893	1.0	3.0	1.0	1.0	1.0
1	2021	149	13.0	296.46431932942045	284.2643163007038	0.0	286.504	281.954	4.15488	10.4361	992.8089999999999	627.744	446.214	362.724	1.0	3.0	1.0	1.0	1.0
1	2021	150	13.0	307.3205909496756	284.8665358111611	0.0	291.943	282.308	1.98685	11.813699999999997	990.215	1016.56	703.205	333.806	1.0	3.0	1.0	1.0	1.0
1	2021	151	13.0	308.456535088125	286.58960763044536	0.0	293.174	283.987	2.88431	13.9144	992.7489999999999	1020.96	711.674	341.069	1.0	3.0	1.0	1.0	1.0
1	2021	152	13.0	308.31217748867704	288.19998860900654	0.0	293.096	285.216	3.55901	13.940299999999999	993.046	1026.4	719.95	343.91	1.0	3.0	1.0	1.0	1.0
1	2021	153	13.0	312.4832724720978	288.44738347030346	0.0	297.765	284.669	2.62612	14.3568	990.799	1027.4	704.146	354.5	1.0	3.0	1.0	1.0	1.0
1	2021	154	13.0	309.2996818635182	286.2101604424127	0.0	293.916	283.24	3.45731	13.391900000000001	990.5189999999999	1024.13	711.796	341.188	1.0	3.0	1.0	1.0	1.0
1	2021	155	13.0	307.31020366281837	287.2013154407399	0.0	291.958	284.054	4.37866	13.518800000000002	992.807	1024.36	723.106	339.887	1.0	3.0	1.0	1.0	1.0
1	2021	156	13.0	306.46850432640093	287.3358099127786	0.0	290.553	283.748	2.72526	12.146799999999999	993.419	1036.12	724.203	325.306	1.0	3.0	1.0	1.0	1.0
1	2021	157	13.0	301.1432561960549	287.4843132478289	0.0	290.494	285.043	2.36121	11.890999999999998	991.779	760.782	554.269	378.757	1.0	3.0	1.0	1.0	1.0
1	2021	158	13.0	304.51829424609076	286.32417093563635	0.0	289.965	284.032	3.57342	11.2619	992.015	1003.42	703.79	329.093	1.0	3.0	1.0	1.0	1.0
1	2021	159	13.0	308.4006638081073	287.9347849721924	0.0	292.337	284.444	1.82411	9.34419	996.156	1026.09	696.227	321.907	1.0	3.0	1.0	1.0	1.0
1	2021	160	13.0	306.42700893187595	286.62388213636757	0.0	290.711	283.739	5.14007	8.19063	998.498	1047.28	709.803	308.937	1.0	3.0	1.0	1.0	1.0
1	2021	161	13.0	307.9887741772287	288.38874441217445	0.0	292.309	285.297	5.09134	7.76303	998.514	1058.11	706.668	310.306	1.0	3.0	1.0	1.0	1.0
1	2021	162	13.0	309.2016841204877	289.5584504417131	0.0	294.94	286.234	6.44435	7.72355	993.0039999999999	1041.19	704.558	330.565	1.0	3.0	1.0	1.0	1.0
1	2021	163	13.0	314.9127926295682	293.0156214202001	0.0	300.018	289.929	4.65117	9.41684	990.421	1024.38	683.294	360.829	1.0	3.0	1.0	1.0	1.0
1	2021	164	13.0	311.1083227556331	289.00785679846337	0.0	295.592	284.88	4.15196	14.8637	992.52	1013.61	699.638	357.179	1.0	3.0	1.0	1.0	1.0
1	2021	165	13.0	310.6922313436293	290.01811149036	0.0	296.451	286.944	5.98342	13.838	993.112	1029.04	708.206	353.208	1.0	3.0	1.0	1.0	1.0
1	2021	166	13.0	314.4531383875018	289.6928254126986	0.0	301.012	287.281	5.58384	11.3063	991.957	1010.64	671.353	363.099	1.0	3.0	1.0	1.0	1.0
1	2021	167	13.0	320.9162307208876	296.25641976574366	0.0	307.94	294.209	1.56971	10.866500000000002	988.9689999999998	970.594	631.573	404.252	1.0	3.0	1.0	1.0	1.0
1	2021	168	13.0	315.7868830527058	297.48506023129846	0.0	301.313	295.118	3.98125	15.810599999999999	988.073	1001.38	675.635	380.093	1.0	3.0	1.0	1.0	1.0
1	2021	169	13.0	312.203843349435	292.4100850768186	0.0	297.0	289.47	3.97506	15.811900000000001	987.1680000000001	1006.37	692.967	366.361	1.0	3.0	1.0	1.0	1.0
1	2021	170	13.0	310.01185687968524	290.2933902332619	0.0	294.116	286.897	3.97455	14.8168	987.5139999999999	1024.64	706.641	347.621	1.0	3.0	1.0	1.0	1.0
1	2021	171	13.0	309.84901782541255	288.819084078008	0.0	293.761	284.614	4.28504	14.3706	989.97	1029.14	709.143	344.349	1.0	3.0	1.0	1.0	1.0
1	2021	172	13.0	298.5558918726044	288.4649068918274	0.0	289.053	285.839	2.83048	12.375399999999999	994.1129999999999	588.157	429.075	386.729	1.0	3.0	1.0	1.0	1.0
1	2021	173	13.0	309.8290722459936	290.0045800051776	0.0	293.964	286.357	4.19958	14.6	991.826	1027.4	710.131	341.258	1.0	3.0	1.0	1.0	1.0
1	2021	174	13.0	309.83391687582747	291.03280791333174	0.0	293.538	286.816	4.06001	13.6147	992.365	1025.14	704.455	338.494	1.0	3.0	1.0	1.0	1.0
1	2021	175	13.0	308.37703974889615	292.6289273796918	0.0	292.359	288.368	4.94753	13.294999999999998	994.7860000000001	1027.24	709.923	334.002	1.0	3.0	1.0	1.0	1.0
1	2021	176	13.0	311.2857743085223	289.7273501879127	0.0	295.09	286.387	4.31696	13.7906	992.883	1031.02	697.118	341.783	1.0	3.0	1.0	1.0	1.0
1	2021	177	13.0	310.94928685455926	288.8282243004272	0.0	294.955	286.249	3.58041	14.5302	989.452	1016.64	696.326	352.479	1.0	3.0	1.0	1.0	1.0
1	2021	178	13.0	311.5188173622459	289.24918343333684	0.0	296.335	285.51	4.47725	14.6577	985.8330000000001	1009.92	699.468	362.476	1.0	3.0	1.0	1.0	1.0
1	2021	179	13.0	310.4865042997198	288.54347887160935	0.0	294.219	284.896	3.49731	14.171199999999999	985.059	998.633	693.127	357.506	1.0	3.0	1.0	1.0	1.0
1	2021	180	13.0	311.727917705823	290.03862117507595	0.0	296.108	285.807	3.91203	15.245	987.622	955.795	651.799	363.168	1.0	3.0	1.0	1.0	1.0
1	2021	181	13.0	310.67275971989307	291.0087241380957	0.0	294.492	288.693	2.54698	15.3745	991.4	886.019	567.921	349.372	1.0	3.0	1.0	1.0	1.0
1	2021	182	13.0	311.66420780545	289.40740768359404	0.0	295.587	286.481	2.17119	15.3271	992.0260000000001	962.389	650.293	353.43	1.0	3.0	1.0	1.0	1.0
1	2021	183	13.0	313.88826213050095	288.379058590731	0.0	297.399	285.076	3.03928	14.8478	991.438	954.084	618.613	351.109	1.0	3.0	1.0	1.0	1.0
1	2021	184	13.0	315.17134256131686	288.6642596256734	0.0	298.882	284.694	3.17256	15.3387	992.333	947.918	612.612	357.969	1.0	3.0	1.0	1.0	1.0
1	2021	185	13.0	312.75185588159746	287.4066731614318	0.0	295.941	284.301	3.18515	13.7404	993.9280000000001	975.287	637.809	340.379	1.0	3.0	1.0	1.0	1.0
1	2021	186	13.0	312.9492159507816	288.172852504688	0.0	296.248	284.891	3.24336	13.8768	994.2950000000001	926.214	589.669	343.617	1.0	3.0	1.0	1.0	1.0
1	2021	187	13.0	312.21358861820687	287.551135341323	0.0	295.774	284.694	2.2369	13.7047	993.166	963.284	642.504	349.759	1.0	3.0	1.0	1.0	1.0
1	2021	188	13.0	310.8926875879428	288.6935022517931	0.0	294.086	285.461	2.8265	13.001800000000001	989.946	1013.1	698.566	346.159	1.0	3.0	1.0	1.0	1.0
1	2021	189	13.0	315.70511259205404	292.49915494145245	0.0	300.475	289.515	3.44798	14.9804	989.477	956.157	659.429	390.534	1.0	3.0	1.0	1.0	1.0
1	2021	190	13.0	316.833757605747	296.8995062540881	0.0	301.949	294.244	3.62295	16.5261	992.472	-1008.42	-1306.51	397.612	1.0	3.0	1.0	1.0	1.0
1	2021	191	13.0	316.9602981369631	297.7789916847359	0.0	301.755	294.819	3.74836	13.1308	992.0410000000002	803.925	504.676	399.029	1.0	3.0	1.0	1.0	1.0
1	2021	192	13.0	317.4120138010701	295.37472636826215	0.0	302.033	292.198	2.51348	14.853699999999998	990.527	965.095	658.835	397.579	1.0	3.0	1.0	1.0	1.0
1	2021	193	13.0	313.08312616908313	289.0808935239627	0.0	297.323	285.488	3.34408	15.5439	991.778	975.057	669.667	368.08	1.0	3.0	1.0	1.0	1.0
1	2021	194	13.0	313.4950470286148	288.51477663436407	0.0	297.582	285.079	3.51013	14.944600000000001	992.102	969.598	661.028	369.246	1.0	3.0	1.0	1.0	1.0
1	2021	195	13.0	310.7021408650996	289.6055705565896	0.0	295.368	286.338	2.9727	15.0786	993.4019999999999	956.549	658.179	359.191	1.0	3.0	1.0	1.0	1.0
1	2021	196	13.0	311.65831718368986	291.57445098238446	0.0	295.901	288.663	3.05366	15.388	993.891	953.542	646.577	356.879	1.0	3.0	1.0	1.0	1.0
1	2021	197	13.0	310.36945077607464	288.61313289385294	0.0	294.111	285.604	3.58815	14.642599999999998	992.9269999999999	852.43	543.738	346.997	1.0	3.0	1.0	1.0	1.0
1	2021	198	13.0	312.089130302127	288.4060775345183	0.0	295.873	285.637	3.44452	15.035	992.638	994.998	680.75	353.112	1.0	3.0	1.0	1.0	1.0
1	2021	199	13.0	313.1475605881721	292.6241486639068	0.0	300.739	289.667	2.13476	10.8264	994.1719999999999	646.57	392.249	396.942	1.0	3.0	1.0	1.0	1.0
1	2021	200	13.0	315.7102361047507	296.60891198106003	0.0	300.368	293.969	3.80404	14.8803	995.788	776.034	469.239	382.246	1.0	3.0	1.0	1.0	1.0
1	2021	201	13.0	316.45149025045106	289.2069890498163	0.0	300.459	285.742	3.27967	14.0138	994.554	920.534	602.219	378.705	1.0	3.0	1.0	1.0	1.0
1	2021	202	13.0	314.2525701827319	290.1390219351448	0.0	298.207	286.478	2.97155	13.793800000000001	990.8979999999999	984.959	667.275	366.288	1.0	3.0	1.0	1.0	1.0
1	2021	203	13.0	313.0754377164861	288.41982830132537	0.0	297.519	285.36	3.91868	14.2005	993.385	951.841	647.1	366.573	1.0	3.0	1.0	1.0	1.0
1	2021	204	13.0	312.41682321352863	288.6465924938674	0.0	296.474	284.884	3.40888	14.2553	996.1160000000001	997.497	678.323	351.349	1.0	3.0	1.0	1.0	1.0
1	2021	205	13.0	310.2475096590584	287.16019985631476	0.0	293.89	285.423	3.36186	13.445400000000001	994.735	1005.94	692.915	341.674	1.0	3.0	1.0	1.0	1.0
1	2021	206	13.0	309.84316819513714	288.4854496686029	0.0	293.892	286.108	2.68008	13.477300000000001	993.0810000000001	943.821	658.146	357.639	1.0	3.0	1.0	1.0	1.0
1	2021	207	13.0	305.07018631249593	290.4982804423203	0.0	294.654	286.437	2.65482	14.4306	992.8739999999999	240.414	71.6044	399.415	1.0	3.0	1.0	1.0	1.0
1	2021	208	13.0	311.5792929734759	289.94217381900245	0.0	295.412	286.731	3.32335	14.625899999999998	994.327	1006.26	691.962	347.332	1.0	3.0	1.0	1.0	1.0
1	2021	209	13.0	315.64991846724513	290.1944091639044	0.0	299.637	286.708	3.0257	14.8644	995.084	-1555.82	-1877.3	367.524	1.0	3.0	1.0	1.0	1.0
1	2021	210	13.0	313.5179749282168	288.6098494179157	0.0	297.685	285.518	3.63476	14.506300000000001	991.9189999999999	886.916	567.685	357.601	1.0	3.0	1.0	1.0	1.0
1	2021	211	13.0	312.9648184264781	289.7914971821989	0.0	297.301	286.156	4.39218	14.9356	992.5329999999999	975.465	673.171	365.125	1.0	3.0	1.0	1.0	1.0
1	2021	212	13.0	315.3729621689017	288.30377429672825	0.0	299.226	285.417	3.17603	14.7883	995.57	999.352	670.975	360.048	1.0	3.0	1.0	1.0	1.0
1	2021	213	13.0	314.8614057214531	288.95204894061817	0.0	298.731	286.786	3.72811	14.482300000000002	996.4580000000001	861.085	541.311	361.819	1.0	3.0	1.0	1.0	1.0
1	2021	215	13.0	313.909401564634	288.2879022053314	0.0	297.661	285.407	3.7454	13.4798	993.7469999999998	1011.24	681.224	350.357	1.0	3.0	1.0	1.0	1.0
1	2021	216	13.0	310.26449122289114	287.5094493014652	0.0	294.584	284.85	4.84514	13.871099999999998	992.4289999999999	1000.97	694.351	346.124	1.0	3.0	1.0	1.0	1.0
1	2021	217	13.0	311.6082607862172	287.4115687751002	0.0	295.906	284.902	4.5319	12.5004	992.877	910.072	580.593	337.408	1.0	3.0	1.0	1.0	1.0
1	2021	218	13.0	314.9339827016357	287.2572567566421	0.0	298.62	284.283	2.72527	14.0225	991.871	-1568.33	-1897.62	355.518	1.0	3.0	1.0	1.0	1.0
1	2021	219	13.0	310.9729635178314	289.92215612257104	0.0	294.887	286.611	3.57659	14.8478	992.5060000000001	993.429	691.27	349.623	1.0	3.0	1.0	1.0	1.0
1	2021	220	13.0	311.5654248720225	288.5240491485004	0.0	295.061	286.439	3.42291	14.654800000000002	991.9760000000001	929.46	623.149	347.701	1.0	3.0	1.0	1.0	1.0
1	2021	221	13.0	311.5409699157486	288.03149996521466	0.0	295.166	285.672	3.22576	14.810699999999999	991.614	1007.12	701.893	347.875	1.0	3.0	1.0	1.0	1.0
1	2021	222	13.0	311.92648881566816	291.8469729838351	0.0	296.393	291.011	4.28642	15.078	992.4239999999999	1002.31	719.672	371.748	1.0	3.0	1.0	1.0	1.0
1	2021	223	13.0	310.1113787801648	291.15667213926974	0.0	301.086	288.438	3.01703	12.4968	992.8589999999999	552.496	383.167	422.613	1.0	3.0	1.0	1.0	1.0
1	2021	224	13.0	317.0084662806715	290.85478614616864	0.0	302.136	287.88	3.26856	12.2157	994.044	958.485	662.775	390.132	1.0	3.0	1.0	1.0	1.0
1	2021	225	13.0	317.3768699104307	291.30548397960547	0.0	302.715	287.474	2.67587	11.0521	995.8839999999999	942.909	644.206	390.349	1.0	3.0	1.0	1.0	1.0
1	2021	226	13.0	314.81367365330067	291.69879154497426	0.0	299.822	289.1	3.40205	14.524000000000001	996.696	982.634	694.173	393.042	1.0	3.0	1.0	1.0	1.0
1	2021	227	13.0	313.02237173624775	289.422730264595	0.0	297.732	286.336	3.3602	15.055399999999999	992.362	933.134	651.455	378.119	1.0	3.0	1.0	1.0	1.0
1	2021	228	13.0	314.2764893258018	291.3995214262921	0.0	300.453	289.818	3.04016	15.331900000000001	988.509	877.778	602.239	388.975	1.0	3.0	1.0	1.0	1.0
1	2021	229	13.0	310.6133104347678	292.011404393543	0.0	294.843	289.134	3.43636	15.985199999999999	990.0369999999999	951.329	667.097	360.81	1.0	3.0	1.0	1.0	1.0
1	2021	230	13.0	296.28097041874753		0.0	290.354	287.544	2.23119	12.163	990.5880000000001	275.086	197.316	397.177	1.0	3.0	1.0	1.0	1.0
1	2021	231	13.0	310.259957953217	293.3810344469955	0.0	296.469	290.887	2.62162	15.065	991.809	771.189	498.932	362.094	1.0	3.0	1.0	1.0	1.0
1	2021	232	13.0	300.64447315115456	291.33624952955915	0.0	292.721	289.898	2.99517	12.951600000000001	989.803	385.479	261.507	402.756	1.0	3.0	1.0	1.0	1.0
1	2021	233	13.0	306.7571660183581	290.2921792035223	0.0	293.886	288.357	2.90908	12.7977	988.791	692.441	476.606	395.659	1.0	3.0	1.0	1.0	1.0
1	2021	234	13.0	306.4748548419379	288.63230605314976	0.0	295.288	286.254	2.54008	13.5323	988.977	532.812	327.873	382.357	1.0	3.0	1.0	1.0	1.0
1	2021	235	13.0	301.930006108593	289.83062890533864	0.0	293.056	287.315	2.95079	11.9314	991.125	281.807	142.901	401.701	1.0	3.0	1.0	1.0	1.0
1	2021	236	13.0	309.50859800118985	290.8201199492854	0.0	294.184	288.825	2.74348	12.5268	992.375	545.911	244.429	338.518	1.0	3.0	1.0	1.0	1.0
1	2021	237	13.0	314.57580878974437	288.6436281544869	0.0	299.301	285.94	2.12729	13.828699999999998	993.172	631.907	310.301	354.315	1.0	3.0	1.0	1.0	1.0
1	2021	238	13.0	312.8405213131618	288.0014813594318	0.0	297.455	285.329	3.3205	13.792200000000001	990.8760000000001	962.538	644.411	347.2	1.0	3.0	1.0	1.0	1.0
1	2021	239	13.0	317.5819239644365	290.94414697228035	0.0	302.727	290.111	2.2011	13.3894	986.3810000000001	-354.639	-677.437	373.084	1.0	3.0	1.0	1.0	1.0
1	2021	240	13.0	315.0500623337156	287.95408223048764	0.0	300.134	286.537	3.55284	13.544400000000001	986.9739999999999	953.477	641.367	366.663	1.0	3.0	1.0	1.0	1.0
1	2021	241	13.0	312.4291531412142	286.8722270701121	0.0	297.314	285.656	3.88758	14.8081	987.563	950.032	654.762	362.205	1.0	3.0	1.0	1.0	1.0
1	2021	242	13.0	310.87498226259584	288.91146126300396	0.0	296.043	285.971	3.60248	14.8848	986.943	856.373	583.072	368.223	1.0	3.0	1.0	1.0	1.0
1	2021	243	13.0	307.4220502712649	289.9954775725466	0.0	294.083	288.006	3.73546	14.693399999999999	987.3149999999999	714.804	479.262	373.257	1.0	3.0	1.0	1.0	1.0
1	2021	244	13.0	310.47780786850393	292.7669325740713	0.0	295.341	289.859	2.92666	14.5824	989.71	854.575	567.064	356.185	1.0	3.0	1.0	1.0	1.0
1	2021	245	13.0	310.36388913572335	287.92197362876067	0.0	295.0	284.968	3.26051	14.106500000000002	992.625	874.055	578.492	347.214	1.0	3.0	1.0	1.0	1.0
1	2021	246	13.0	313.71634296179735	286.9273790319173	0.0	298.753	284.084	3.10501	13.5902	991.877	840.019	526.29	355.174	1.0	3.0	1.0	1.0	1.0
1	2021	247	13.0	315.0994700588535	286.75239606928494	0.0	299.738	284.481	2.74436	13.921600000000002	992.2189999999999	901.752	576.215	355.705	1.0	3.0	1.0	1.0	1.0
1	2021	248	13.0	318.86310911046	287.09411651130387	0.0	304.561	285.325	2.81601	10.343099999999998	991.1019999999999	-471.684	-796.206	384.675	1.0	3.0	1.0	1.0	1.0
1	2021	249	13.0	313.5192365977325	290.38426756313777	0.0	299.616	289.012	3.99948	17.8465	992.0219999999999	721.048	448.183	388.416	1.0	3.0	1.0	1.0	1.0
1	2021	250	13.0	313.5548722627007	292.6275768303479	0.0	299.395	290.774	2.61701	17.5092	992.7639999999999	884.77	608.232	384.066	1.0	3.0	1.0	1.0	1.0
1	2021	251	13.0	311.77808244500295	290.9937882772068	0.0	297.463	289.847	3.58434	16.865899999999996	990.6310000000001	891.942	614.658	372.947	1.0	3.0	1.0	1.0	1.0
1	2021	252	13.0	312.4471882988306	291.0710764710025	0.0	299.911	288.48	4.7322	15.485100000000001	989.8519999999999	381.725	138.015	398.681	1.0	3.0	1.0	1.0	1.0
1	2021	253	13.0	314.0760466695038	291.31584206994836	0.0	300.091	289.788	3.9268	15.5264	992.4649999999999	852.592	579.858	392.283	1.0	3.0	1.0	1.0	1.0
1	2021	254	13.0	313.6226376645994		0.0	299.078	285.53	2.42212	13.7576	993.96	866.615	557.448	359.862	1.0	3.0	1.0	1.0	1.0
1	2021	255	13.0	312.91046585141714	286.8180158713033	0.0	297.869	284.644	2.31684	14.3407	992.2199999999999	477.719	159.503	347.422	1.0	3.0	1.0	1.0	1.0
1	2021	256	13.0	315.68208688096684	288.9064988729179	0.0	301.509	287.703	3.52671	11.660699999999999	990.253	910.874	597.736	368.043	1.0	3.0	1.0	1.0	1.0
1	2021	257	13.0	309.6139705331525	288.50800604517593	0.0	294.846	285.974	3.6452	13.581700000000001	991.694	831.176	538.467	345.105	1.0	3.0	1.0	1.0	1.0
1	2021	258	13.0	309.2576780656503	286.69636066878405	0.0	294.339	284.427	3.0954	12.3277	991.702	833.024	533.606	335.936	1.0	3.0	1.0	1.0	1.0
1	2021	259	13.0	306.4380254152249	286.572293692742	0.0	291.27	284.524	2.29905	11.5903	990.407	899.337	608.487	325.502	1.0	3.0	1.0	1.0	1.0
1	2021	260	13.0	305.03651012572055	287.8094025261749	0.0	291.069	285.771	3.23065	10.7471	994.3939999999999	714.195	431.491	324.075	1.0	3.0	1.0	1.0	1.0
1	2021	261	13.0	307.17755691164484	288.53579674319656	0.0	292.598	286.158	3.27767	12.0852	996.544	708.372	420.289	330.851	1.0	3.0	1.0	1.0	1.0
1	2021	262	13.0	314.4198693098941	288.6209552005269	0.0	301.127	286.483	1.341	12.8857	993.386	715.052	431.786	380.791	1.0	3.0	1.0	1.0	1.0
1	2021	263	13.0	311.6070324436106	287.9437693649727	0.0	298.845	287.035	3.51981	14.078	991.5089999999999	-3702.6	-3982.15	365.138	1.0	3.0	1.0	1.0	1.0
1	2021	264	13.0	315.2712839985491	290.6449075421601	0.0	301.861	290.039	2.35563	11.2153	997.1260000000001	871.662	569.794	371.825	1.0	3.0	1.0	1.0	1.0
1	2021	265	13.0	313.5552800684124	292.7248650275388	0.0	300.55	291.997	0.309849	13.642000000000001	997.1500000000001	841.838	565.368	381.531	1.0	3.0	1.0	1.0	1.0
1	2021	266	13.0	311.35750511394315	286.124580255787	0.0	297.133	283.871	2.63202	12.974400000000001	990.702	819.81	525.452	352.086	1.0	3.0	1.0	1.0	1.0
1	2021	267	13.0	303.6597798664389	285.441711857157	0.0	292.746	284.13	2.97355	12.703800000000001	992.0269999999999	618.975	380.25	345.391	1.0	3.0	1.0	1.0	1.0
1	2021	268	13.0	304.3131816529673	285.08081095979804	0.0	291.831	283.689	3.38151	12.6953	994.128	692.327	438.861	338.762	1.0	3.0	1.0	1.0	1.0
1	2021	269	13.0	300.8452939873517	286.95760293636033	0.0	290.74	285.055	2.31331	11.329899999999999	994.9689999999999	326.55	113.389	346.451	1.0	3.0	1.0	1.0	1.0
1	2021	270	13.0	296.18005835364903	287.63487204348456	0.0	288.982	285.835	1.70869	10.3545	995.638	322.68	222.317	386.536	1.0	3.0	1.0	1.0	1.0
1	2021	271	13.0	307.73361291931076	287.5250728546478	0.0	294.535	286.278	5.34789	10.8836	991.545	820.237	537.946	342.614	1.0	3.0	1.0	1.0	1.0
1	2021	272	13.0	310.1259041395868	287.6810964057666	0.0	296.904	286.802	3.3129	7.32126	991.725	374.691	70.8716	333.315	1.0	3.0	1.0	1.0	1.0
1	2021	273	13.0	315.4019509421827	287.82410409398466	0.0	302.941	288.118	4.11198	4.1205799999999995	992.979	-219.428	-538.52	356.155	1.0	3.0	1.0	1.0	1.0
1	2021	274	13.0	316.01886314233434	290.8421116817159	0.0	303.033	292.311	3.24584	4.34423	993.684	808.359	481.925	352.746	1.0	3.0	1.0	1.0	1.0
1	2021	275	13.0	316.0772979449346	287.10265280151367	0.0	302.998	287.12	2.28234	3.81081	994.293	-2643.76	-2973.15	351.649	1.0	3.0	1.0	1.0	1.0
1	2021	276	13.0	317.3638325538821	290.83379404665396	0.0	305.03	292.155	3.10698	3.87399	992.499	835.283	509.714	365.427	1.0	3.0	1.0	1.0	1.0
1	2021	277	13.0	313.2902003782283	291.63115326460286	0.0	301.712	291.947	2.7395	4.589519999999999	992.423	715.74	449.829	376.74	1.0	3.0	1.0	1.0	1.0
1	2021	278	13.0	308.6074731068874	287.9647286420603	0.0	298.964	287.23	3.26905	13.9619	992.6139999999999	787.838	541.692	367.758	1.0	3.0	1.0	1.0	1.0
1	2021	279	13.0	306.85195819305665	286.5168462278551	0.0	293.705	285.222	1.85696	14.9442	994.43	803.214	540.551	339.843	1.0	3.0	1.0	1.0	1.0
1	2021	280	13.0	291.0495741845312	287.98330748858825	0.0	288.026	286.683	1.52346	15.5021	994.6410000000001	136.365	106.288	393.178	1.0	3.0	1.0	1.0	1.0
1	2021	281	13.0	300.57805764169103		0.0	289.526	284.509	4.88362	8.852920000000001	997.483	798.852	541.135	302.171	1.0	3.0	1.0	1.0	1.0
1	2021	282	13.0	308.4513898434648	284.5188887020297	0.0	295.349	284.038	3.86868	7.1963	996.757	799.291	516.392	328.024	1.0	3.0	1.0	1.0	1.0
1	2021	283	13.0	313.02658379264665	286.61500798103134	0.0	300.074	287.235	3.25057	5.52292	994.8110000000001	801.07	494.227	337.055	1.0	3.0	1.0	1.0	1.0
1	2021	284	13.0	302.1153680644985	284.61686342503606	0.0	290.205	283.89	6.0188	8.93216	987.894	811.155	534.041	299.276	1.0	3.0	1.0	1.0	1.0
1	2021	285	13.0	304.4972427116614	283.52981935431853	0.0	291.013	283.55	4.42896	4.67501	992.598	810.36	515.015	295.57	1.0	3.0	1.0	1.0	1.0
1	2021	286	13.0	306.66029730373936	284.41357120494615	0.0	293.628	284.104	3.94695	5.244400000000001	993.184	784.579	500.096	315.976	1.0	3.0	1.0	1.0	1.0
1	2021	287	13.0	309.21222486827634	282.88529440978215	0.0	296.695	283.702	3.43788	7.41957	994.4789999999999	775.309	487.482	329.207	1.0	3.0	1.0	1.0	1.0
1	2021	288	13.0	313.43716845083964	284.66820001719555	0.0	301.228	285.923	2.84458	3.9923399999999996	997.2069999999999	774.693	468.449	340.607	1.0	3.0	1.0	1.0	1.0
1	2021	289	13.0	313.5350915049503	284.33124896575805	0.0	301.299	285.729	2.41989	2.68024	994.443	774.237	458.153	333.483	1.0	3.0	1.0	1.0	1.0
1	2021	290	13.0	302.9982835076028	283.66937951039495	0.0	290.43	283.639	3.5753	12.494499999999999	994.144	782.115	523.176	320.982	1.0	3.0	1.0	1.0	1.0
1	2021	291	13.0	301.65474779845874	284.6237140055114	0.0	289.256	283.568	5.2517	7.40545	993.613	766.945	494.857	299.165	1.0	3.0	1.0	1.0	1.0
1	2021	292	13.0	303.8737721403949	280.99634283304454	0.0	291.051	281.389	2.94915	9.237269999999999	994.999	755.826	485.344	310.859	1.0	3.0	1.0	1.0	1.0
1	2021	293	13.0	302.98038937193996		0.0	291.339	279.721	3.90131	9.58774	997.763	723.73	478.47	324.607	1.0	3.0	1.0	1.0	1.0
1	2021	294	13.0	308.02891208458794	286.4257604976629	0.0	295.948	286.286	2.54188	13.960799999999999	997.9039999999999	732.668	476.374	347.226	1.0	3.0	1.0	1.0	1.0
1	2021	295	13.0	298.80741435586293	286.65148015530053	0.0	292.399	285.664	4.37959	13.561700000000002	994.662	366.024	244.844	375.371	1.0	3.0	1.0	1.0	1.0
1	2021	296	13.0	303.7708675602906	285.1521133318261	0.0	291.371	285.039	3.0138	9.78553	990.9219999999999	725.357	473.194	322.523	1.0	3.0	1.0	1.0	1.0
1	2021	297	13.0	300.25407765645997	285.7137005309249	0.0	290.823	284.6	3.57693	12.1113	991.31	561.376	377.087	346.522	1.0	3.0	1.0	1.0	1.0
1	2021	298	13.0	292.7445876025886		0.0	288.423	286.24	4.10107	13.9966	989.903	710.851	553.427	334.193	1.0	3.0	1.0	1.0	1.0
1	2021	299	13.0	299.4050070288316	283.777976982624	0.0	291.227	283.747	5.2514	9.577919999999999	998.9069999999999	732.511	501.671	316.744	1.0	3.0	1.0	1.0	1.0
1	2021	300	13.0	308.25335773187584	286.93928271558786	0.0	299.419	287.661	3.71538	10.0899	999.0319999999999	719.229	472.392	354.904	1.0	3.0	1.0	1.0	1.0
1	2021	301	13.0	311.2363470244245	285.7989414912172	0.0	302.363	287.615	3.17238	9.70471	995.87	710.842	455.738	366.77	1.0	3.0	1.0	1.0	1.0
1	2021	302	13.0	309.6774262985244	285.271885861137	0.0	300.963	287.247	2.67829	11.4096	991.6080000000001	679.05	424.109	358.342	1.0	3.0	1.0	1.0	1.0
1	2021	303	13.0	302.09699849540607	285.79083194508837	0.0	292.483	283.92	3.19409	14.3749	992.837	715.13	484.199	331.437	1.0	3.0	1.0	1.0	1.0
1	2021	304	13.0	302.5593913422345	285.37747597813006	0.0	292.646	284.166	3.04848	12.375499999999999	993.822	587.628	356.893	336.775	1.0	3.0	1.0	1.0	1.0
1	2021	305	13.0	296.17645840379157	283.90051487293283	0.0	290.132	282.861	1.52438	13.920200000000001	997.407	108.938	-21.3141	355.202	1.0	3.0	1.0	1.0	1.0
1	2021	306	13.0	301.139453607919	286.13970538440634	0.0	293.539	285.749	4.34519	15.8005	999.2230000000001	570.857	364.309	342.574	1.0	3.0	1.0	1.0	1.0
1	2021	307	13.0	304.2322641054886	285.7410664943076	0.0	296.963	284.792	1.93697	13.951600000000003	995.7810000000001	684.183	464.512	346.109	1.0	3.0	1.0	1.0	1.0
1	2021	308	13.0	302.1300601110126	286.65906506948494	0.0	295.858	286.726	5.53195	13.728499999999999	994.79	647.062	436.18	345.883	1.0	3.0	1.0	1.0	1.0
1	2021	309	13.0	304.4807267043423	282.57836362382113	0.0	297.091	282.812	2.88364	13.1877	993.188	572.664	332.491	332.26	1.0	3.0	1.0	1.0	1.0
1	2021	310	13.0	300.7750722017307	282.9628768999985	0.0	292.619	281.644	2.01836	11.953399999999998	995.3739999999999	616.961	386.55	317.426	1.0	3.0	1.0	1.0	1.0
1	2021	311	13.0	299.7408548448869	286.68443143928124	0.0	292.656	285.357	5.06187	10.0486	994.192	527.401	302.177	315.028	1.0	3.0	1.0	1.0	1.0
1	2021	312	13.0	298.4920064169694	285.39977021778475	0.0	290.263	284.3	2.83115	12.809600000000001	995.306	596.979	379.514	312.244	1.0	3.0	1.0	1.0	1.0
1	2021	313	13.0	294.52402712534007		0.0	290.331	285.141	1.89032	17.0387	1000.47	183.408	115.704	395.596	1.0	3.0	1.0	1.0	1.0
1	2021	314	13.0	300.8527594936701	288.36530715126906	0.0	295.921	287.74	4.77105	11.0655	998.143	437.903	234.801	340.245	1.0	3.0	1.0	1.0	1.0
1	2021	315	13.0	305.58032845288136	290.3386820979773	0.0	299.675	289.822	2.70495	11.388499999999999	997.2439999999999	-841.461	-1067.6	348.209	1.0	3.0	1.0	1.0	1.0
1	2021	316	13.0	309.0255268723638	292.1656577592382	0.0	303.453	293.003	2.57127	9.29121	996.725	-274.07	-514.089	359.878	1.0	3.0	1.0	1.0	1.0
1	2021	317	13.0	308.0786322977416	292.3082085354269	0.0	302.537	293.463	3.02759	6.526649999999999	995.875	-897.868	-1141.14	351.496	1.0	3.0	1.0	1.0	1.0
1	2021	318	13.0	308.6463454593145	290.7854906770854	0.0	302.749	291.75	2.67171	7.1513800000000005	996.3889999999999	509.107	259.84	350.486	1.0	3.0	1.0	1.0	1.0
1	2021	319	13.0	306.50220380172044	288.33126652717334	0.0	300.325	288.949	2.83116	8.752799999999999	996.6769999999999	-2551.31	-2788.14	348.383	1.0	3.0	1.0	1.0	1.0
1	2021	320	13.0	301.46126460111077	284.4519665855479	0.0	295.579	282.449	3.03501	10.7888	992.883	-3740.79	-3951.79	332.354	1.0	3.0	1.0	1.0	1.0
1	2021	321	13.0	297.5374051263734	285.78585332392163	0.0	289.42	284.02	2.01007	11.845300000000002	994.6479999999999	-994.192	-1216.65	306.085	1.0	3.0	1.0	1.0	1.0
1	2021	322	13.0	298.0216999670658	284.47016762992115	0.0	290.109	283.314	2.1467	12.205599999999999	996.1669999999999	177.835	-35.711	316.734	1.0	3.0	1.0	1.0	1.0
1	2021	323	13.0	296.51658571727114	284.3957878304965	0.0	290.209	282.768	1.6978	11.5398	996.1930000000001	279.834	85.2887	312.091	1.0	3.0	1.0	1.0	1.0
1	2021	324	13.0	297.8870665119201	284.5829621566189	0.0	291.631	283.451	3.32578	12.7532	995.8410000000001	514.966	320.057	325.539	1.0	3.0	1.0	1.0	1.0
1	2021	325	13.0	305.3347015428379	285.3624416513281	0.0	298.644	285.743	2.57455	6.929500000000001	997.017	251.285	0.695558	328.512	1.0	3.0	1.0	1.0	1.0
1	2021	326	13.0	300.7114370876536	284.99450544605367	0.0	297.964	286.519	1.15591	3.0118700000000005	995.704	316.786	159.095	348.526	1.0	3.0	1.0	1.0	1.0
1	2021	327	13.0	303.6521352708643	288.35895945535293	0.0	296.92	289.511	3.15841	4.015079999999999	992.504	-1625.29	-1879.22	314.531	1.0	3.0	1.0	1.0	1.0
1	2021	328	13.0	299.56550608316826	284.98000739668475	0.0	291.895	285.014	2.48414	11.726600000000001	996.781	-4082.12	-4316.85	307.931	1.0	3.0	1.0	1.0	1.0
1	2021	329	13.0	300.83248221643237	281.81767123044176	0.0	294.159	282.739	3.74239	5.00408	1002.6099999999999	-2284.95	-2540.12	299.658	1.0	3.0	1.0	1.0	1.0
1	2021	330	13.0	303.7095387984618	281.4396432205251	0.0	296.781	283.046	1.9011	3.02203	997.76	-1977.73	-2238.2	309.214	1.0	3.0	1.0	1.0	1.0
1	2021	331	13.0	305.40155379116084	284.3269493883852	0.0	298.519	286.124	2.33676	1.8105799999999999	996.2810000000001	-1020.08	-1284.13	316.167	1.0	3.0	1.0	1.0	1.0
1	2021	332	13.0	305.21778730226606	283.09714006638546	0.0	298.242	284.835	2.23752	4.20789	999.1129999999999	-883.135	-1134.12	325.561	1.0	3.0	1.0	1.0	1.0
1	2021	333	13.0	307.7732456867777	288.97472201394476	0.0	301.33	291.274	2.10749	4.9675400000000005	995.6219999999998	-1089.41	-1337.8	343.41	1.0	3.0	1.0	1.0	1.0
1	2021	334	13.0	304.98127947216875	284.2890770028272	0.0	298.264	285.796	2.70888	8.85712	994.515	-5182.32	-5423.66	335.127	1.0	3.0	1.0	1.0	1.0
1	2021	335	13.0	307.5535613358759	285.89291829148567	0.0	301.011	288.478	2.19565	5.65978	995.722	-1933.48	-2191.59	335.973	1.0	3.0	1.0	1.0	1.0
1	2021	336	13.0	296.20570374088305	279.3131235667572	0.0	288.538	278.695	3.32602	12.0231	997.03	-5400.04	-5624.38	299.71	1.0	3.0	1.0	1.0	1.0
1	2021	337	13.0	288.97772668080916	282.44114675902784	0.0	284.703	280.979	1.47456	11.2435	996.758	-679.879	-737.497	364.888	1.0	3.0	1.0	1.0	1.0
1	2021	338	13.0	294.76231471288116	282.8557015171871	0.0	286.939	281.411	2.04576	10.2268	998.3460000000001	-872.143	-1090.07	294.657	1.0	3.0	1.0	1.0	1.0
1	2021	339	13.0	301.25785530577446	285.2786166463467	0.0	295.043	285.653	4.73392	7.838760000000001	997.2339999999999	-4967.06	-5209.14	312.862	1.0	3.0	1.0	1.0	1.0
1	2021	340	13.0	294.45020980117107	284.0606368713982	0.0	290.42	283.771	2.66237	11.744000000000002	995.247	-3475.37	-3604.61	332.22	1.0	3.0	1.0	1.0	1.0
1	2021	341	13.0	289.9711217069813		0.0	287.508	284.02	2.43189	13.080699999999998	992.03	-816.602	-876.299	363.863	1.0	3.0	1.0	1.0	1.0
1	2021	342	13.0	296.284481633393	282.69751699247774	0.0	289.427	282.659	3.18479	12.546400000000002	994.2919999999999	354.369	158.408	320.929	1.0	3.0	1.0	1.0	1.0
1	2021	343	13.0		284.20884600584264	0.0	283.495	283.506	4.22386		992.3399999999999	-279.476	-383.581	334.915	1.0	3.0	1.0	1.0	1.0
1	2021	344	13.0	294.10957428783206	281.67343573993486	0.0	287.918	281.369	2.96082	8.024799999999999	997.298	-2243.93	-2461.19	288.699	1.0	3.0	1.0	1.0	1.0
1	2021	345	13.0	296.37336481189465	275.35875468078956	0.0	289.51	277.689	2.10922	5.55971	998.4960000000001	-1269.17	-1495.59	293.226	1.0	3.0	1.0	1.0	1.0
1	2021	346	13.0	296.55183134147177	278.6680053331606	0.0	289.41	279.682	1.5328	6.77041	993.6739999999999	-1688.46	-1913.78	294.326	1.0	3.0	1.0	1.0	1.0
1	2021	347	13.0		283.6937492115314	0.0	282.458	283.033	3.29125		993.202	-246.511	-259.858	363.491	1.0	3.0	1.0	1.0	1.0
1	2021	348	13.0			0.0	279.231	281.333	1.91038		989.546	145.0	105.27	335.959	1.0	3.0	1.0	1.0	1.0
1	2021	349	13.0	289.81295274196106	276.20032041792723	0.0	285.036	276.238	2.24249	6.72581	1000.27	451.303	248.108	284.82	1.0	3.0	1.0	1.0	1.0
1	2021	350	13.0		283.1408066963782	0.0	285.014	282.068	1.89382		995.552	75.5261	42.2967	379.559	1.0	3.0	1.0	1.0	1.0
1	2021	351	13.0	292.86576503634217	278.07856418617513	0.0	288.767	278.505	2.52959	8.64377	997.8739999999999	514.331	293.481	288.009	1.0	3.0	1.0	1.0	1.0
1	2021	352	13.0	294.3597540020553	273.30264226866194	0.0	290.052	275.94	2.49469	10.3203	998.3960000000001	316.481	92.683	293.663	1.0	3.0	1.0	1.0	1.0
1	2021	353	13.0	290.8444358373011		0.0	285.998	274.971	3.59824	10.4408	996.913	-1022.87	-1240.22	281.576	1.0	3.0	1.0	1.0	1.0
1	2021	354	13.0	287.9509273048653	276.10547956258307	0.0	285.287	276.28	1.54191	7.694589999999999	997.16	141.173	27.5994	312.443	1.0	3.0	1.0	1.0	1.0
1	2021	355	13.0	290.4778090796404		0.0	287.327	276.288	1.24297	9.26934	996.759	285.308	118.58	294.788	1.0	3.0	1.0	1.0	1.0
1	2021	356	13.0	289.8407645215549	284.19671352872547	0.0	288.322	284.067	2.43172	13.014700000000001	994.6260000000001	140.873	102.357	380.485	1.0	3.0	1.0	1.0	1.0
1	2021	357	13.0			0.0	284.284	284.434	4.47943		987.9430000000001	-193.149	-198.649	373.081	1.0	3.0	1.0	1.0	1.0
1	2021	358	13.0		283.71396393321885	0.0	285.129	283.656	3.25258		988.7819999999999	132.954	45.6283	360.184	1.0	3.0	1.0	1.0	1.0
1	2021	359	13.0	286.93424317071805	280.172675979243	0.0	284.367	280.157	3.35407	8.26614	991.538	-445.765	-535.748	341.241	1.0	3.0	1.0	1.0	1.0
1	2021	360	13.0	288.2652636840432	277.6352522319844	0.0	284.168	278.847	4.02183	6.727759999999999	995.8510000000001	461.673	240.464	269.643	1.0	3.0	1.0	1.0	1.0
1	2021	361	13.0	286.6878520688158		0.0	284.396	279.314	4.79496	11.8276	991.1969999999999	-162.717	-241.562	354.064	1.0	3.0	1.0	1.0	1.0
1	2021	362	13.0	287.87429015385027	278.1535829051652	0.0	283.555	278.268	3.75407	7.265069999999999	987.988	-748.124	-958.14	276.25	1.0	3.0	1.0	1.0	1.0
1	2021	363	13.0			0.0	281.252	280.42	4.17323		985.91	-281.848	-310.647	356.959	1.0	3.0	1.0	1.0	1.0
1	2021	364	13.0	286.04003304536997	281.25777394102136	0.0	284.228	281.268	1.57545	11.8001	986.7880000000001	90.1527	66.4592	367.49	1.0	3.0	1.0	1.0	1.0
1	2021	365	13.0	288.0674876492137	279.7567828244836	0.0	284.552	279.92	6.16995	9.330929999999999	985.836	-3256.52	-3463.87	288.139	1.0	3.0	1.0	1.0	1.0
1	2022	1	13.0	290.82798952744497	275.9441181412769	0.0	286.102	277.152	2.22938	7.941130000000001	997.23	-4973.31	-5196.32	281.836	1.0	3.0	1.0	1.0	1.0
1	2022	2	13.0	291.2823016926994	274.4748225582489	0.0	287.572	276.715	2.58875	3.85323	1000.8299999999999	-5400.04	-5636.43	276.28	1.0	3.0	1.0	1.0	1.0
1	2022	3	13.0	290.2390638339766	274.6092913492077	0.0	286.123	278.169	4.25252	9.577069999999999	1000.65	-4579.86	-4798.73	286.48	1.0	3.0	1.0	1.0	1.0
1	2022	4	13.0	291.92785562399285	282.96914685871576	0.0	288.671	282.566	4.49433	10.471400000000003	1000.3	-3327.87	-3541.69	299.259	1.0	3.0	1.0	1.0	1.0
1	2022	5	13.0	291.7958456722681	284.0106634915446	0.0	290.504	284.892	5.00878	9.49412	996.388	337.743	180.992	322.925	1.0	3.0	1.0	1.0	1.0
1	2022	6	13.0	295.208185679881	282.6653465949163	0.0	291.687	283.922	2.59091	10.6349	992.115	-655.014	-876.503	315.304	1.0	3.0	1.0	1.0	1.0
1	2022	7	13.0	286.0290342741729	283.40319835708755	0.0	284.488	282.504	3.13931	10.6043	991.278	211.144	145.635	345.286	1.0	3.0	1.0	1.0	1.0
1	2022	8	13.0	293.3977803716908	282.24530548485615	0.0	288.792	281.518	1.27144	10.270399999999999	994.937	585.563	356.238	297.079	1.0	3.0	1.0	1.0	1.0
1	2022	9	13.0	293.6062446497676	278.072790668059	0.0	290.055	278.262	2.38893	7.99553	1001.44	586.044	353.461	296.636	1.0	3.0	1.0	1.0	1.0
1	2022	10	13.0	295.37066434993017	279.14246688247584	0.0	293.336	281.691	1.64659	8.18033	1003.58	493.534	293.016	319.59	1.0	3.0	1.0	1.0	1.0
1	2022	11	13.0	296.4413436575171	275.5168110018321	0.0	294.283	279.22	3.23874	5.375639999999999	1001.99	616.448	361.883	301.838	1.0	3.0	1.0	1.0	1.0
1	2022	12	13.0	294.85656779439785	276.5264624064753	0.0	295.397	280.71	0.270641	5.88335	1000.8	328.253	179.577	336.375	1.0	3.0	1.0	1.0	1.0
1	2022	13	13.0	291.5308619248255	283.11392567156867	0.0	291.498	285.143	1.42256	7.91861	1000.0400000000001	242.363	126.443	331.851	1.0	3.0	1.0	1.0	1.0
1	2022	14	13.0	295.1673516339734	276.2897333302126	0.0	292.571	279.163	1.78295	7.127599999999999	996.9060000000001	581.442	345.272	305.526	1.0	3.0	1.0	1.0	1.0
1	2022	15	13.0	290.3432849421166	284.67393844023155	0.0	288.31	287.715	1.50632	11.9426	998.63	310.529	227.724	371.581	1.0	3.0	1.0	1.0	1.0
1	2022	16	13.0	293.8147438265073	284.3100622886928	0.0	292.365	285.152	1.69203	7.694840000000001	995.95	370.656	265.838	380.221	1.0	3.0	1.0	1.0	1.0
1	2022	17	13.0	289.47148723144124	283.5876033809203	0.0	288.089	284.129	2.00714	11.2427	995.546	212.228	150.656	371.609	1.0	3.0	1.0	1.0	1.0
1	2022	18	13.0	293.370190670861	284.31057453725305	0.0	289.626	283.902	2.46905	13.1294	995.703	600.32	379.272	314.658	1.0	3.0	1.0	1.0	1.0
1	2022	19	13.0	294.2824891474259	282.1400675023146	0.0	290.118	282.094	0.738595	11.5085	998.511	611.754	376.846	307.245	1.0	3.0	1.0	1.0	1.0
1	2022	20	13.0	297.25810392849826	277.6309113955377	0.0	294.904	280.358	1.03575	7.99292	1001.72	628.695	380.679	317.733	1.0	3.0	1.0	1.0	1.0
1	2022	21	13.0	295.7183750115127	282.5409741121986	0.0	292.848	284.146	1.97876	8.99185	993.49	637.863	382.339	305.014	1.0	3.0	1.0	1.0	1.0
1	2022	22	13.0	293.8256375981707	274.38014527703973	0.0	290.747	277.182	3.34952	5.62388	995.7510000000001	642.561	385.123	293.493	1.0	3.0	1.0	1.0	1.0
1	2022	23	13.0	295.9861456085698	277.3479224615061	0.0	292.921	280.128	2.00078	6.178790000000001	999.927	643.926	383.907	302.246	1.0	3.0	1.0	1.0	1.0
1	2022	24	13.0	293.8949171378537	280.96032029604777	0.0	290.824	284.642	4.44254	6.935030000000001	995.6139999999999	662.37	395.834	289.567	1.0	3.0	1.0	1.0	1.0
1	2022	25	13.0	293.62440194124935	278.74178928963994	0.0	289.01	279.999	1.55709	8.19877	992.9560000000001	655.899	395.44	291.706	1.0	3.0	1.0	1.0	1.0
1	2022	26	13.0	294.4545640378097	276.9826922176879	0.0	290.067	282.277	1.81995	6.307590000000001	997.2180000000001	664.217	393.288	288.384	1.0	3.0	1.0	1.0	1.0
1	2022	27	13.0	294.9333553279493	273.1034547511339	0.0	291.06	275.905	2.65863	4.97659	999.538	675.557	399.771	288.782	1.0	3.0	1.0	1.0	1.0
1	2022	28	13.0	295.45720549248995	274.2705824824229	0.0	292.346	277.8	3.06566	3.2951200000000003	1001.64	681.336	399.578	288.388	1.0	3.0	1.0	1.0	1.0
